56450
59530
51319
48240
31818
18988
18475
6252123
28226
23093
38489
40542
5645
21554
1026
13343
10263
42081
32844
9750
27199
22580
22580
11803
20014
23093
15908
31818
11803
8211
6671
36950
42081
39515
36436
513
27198
37463
30278
26686
32844
34383
14369
30278
43108
3079
6158
28739
26686
9238
37976
14882
3592
7697
38489
22067
27712
17448
34384
35922
12317
3593
29252
1540
33871
43108
33871
11290
14882
4619
25660
3080
129835
40542
36436
127783
25146
30791
17962
152415
13855
23607
32330
26686
29251
34383
32331
30278
44134
1540
50292
11803
10777
28739
22581
58503
24633
44134
37462
14883
