8764673
2708586
747196
2781458
2068646
448523
21040
114953
74411
59529
144205
164732
4105
78517
513
18988
12317
177562
106229
12317
78004
60042
53372
17448
197576
93912
54911
179614
29765
14883
9238
273014
368466
278145
134967
513
101097
144205
94940
72872
108795
121624
24633
93912
182180
1027
5132
94426
74925
10777
172430
35923
2052
7698
150363
88267
142152
55424
286356
248381
78517
3079
204248
1540
218103
350505
303292
17448
27199
3592
32331
514
170377
13343
11290
119058
3592
7697
6158
163193
22580
53884
107769
85702
90320
120085
134455
96479
154468
1026
207326
28739
18987
403363
59016
176535
13343
73899
128809
25659
