10040449
3865303
5404343
1553922
552186
172430
142665
507539
502921
471616
1112070
1325554
35923
434154
1026
154981
102124
1402532
874979
98532
613255
502407
437746
151902
564502
436207
228367
926811
152416
73898
46187
1015591
1216759
1198798
1049462
513
655336
1106939
751815
633782
1191101
968892
197063
865229
1451798
22067
53885
774908
1454877
195010
2249286
468024
30278
108282
1480023
514724
788251
249920
1104885
1022776
162166
11803
775422
5132
1228563
1915716
896020
143691
218104
30791
255053
6671
986340
119572
93913
1197772
35923
86215
77490
1386624
188852
441339
847267
610176
699470
943233
889348
958628
1233695
4106
1460009
156521
137533
1088464
891914
2046578
137534
779013
2561815
253000
